3.535702527621619851e+00
1.474293257620757913e+00
5.138469655599991803e+00
9.017701558268155893e+00
-2.042666212412075133e+00
2.130231639613102246e+00
1.563067395541340332e+01
-4.556849876556359646e+00
5.125922331180876590e+00
-7.009831849426244599e-01
1.249489295310251968e+01
-8.624100685689273238e-02
-7.247795888313484092e-01
4.936669640865769537e+00
1.544584843285985798e+01
-6.810126014550016649e+00
2.199813447296754987e+01
8.740140193062864160e-01
7.004491458871749288e+00
-9.440918919811736032e+00
-1.434027692696025724e+01
6.084069995002347575e+00
-1.991000557668721083e+00
-1.121690327134858833e-01
1.254608381230745584e+00
2.130319956067007681e+01
2.719635005152837071e+00
-5.444582846954553190e+00
6.825621599664345673e+00
-1.050670153711276278e+01
1.090858411787241522e+01
4.683177220449001865e+00
1.249700370613238398e+01
-1.701396304104268964e+01
-1.388276566639465193e+00
3.671020928772827041e+00
-5.685571143201141098e+00
1.230531251425898276e+01
2.168098004721274563e+00
-9.806144901041430328e-01
-2.200570654729923969e+00
-2.023284674468346722e+01
4.582197159399604480e+00
-1.644383930813393402e+00
-7.188016052421881241e+00
2.194093379122478371e+00
-1.270879814021569842e+01
4.288571126891658203e+00
4.391537840582070196e+00
1.014418732860354488e+01
-5.489879278462058032e+00
1.515552400952855372e+00
4.144614113574903946e+00
1.279061591957641397e+01
2.325236029148749495e+00
-5.887635455988935895e+00
-3.829935398309485706e+00
-9.548107598850258393e-02
-1.098546085188885435e+01
-1.015653456386170461e+01
5.631889170495243846e+00
1.146984385746638857e+01
-1.137648196678328816e+01
1.279552539536154931e+01
1.048448110865938432e+01
1.877428578517772451e+01
9.921392759319900279e+00
-2.162409611344649374e+00
-1.355710311136743584e+01
5.693452921512127674e+00
-3.214822026256649590e+00
1.084186707433301811e+00
-1.100155127727566295e+01
-2.108361585886720846e+00
-1.403739635839537758e+00
-2.671987110462007209e+00
-8.317966623797351744e+00
-1.420182601846486747e+01
4.275629036125739191e+00
-6.924069117267996454e+00
-1.473819448171038937e+00
1.161464821247500945e-01
1.664078779072822201e+01
-1.286795039734288792e+01
-8.650822916646522032e+00
-6.995260419187933287e+00
5.549437217277689349e+00
-3.511474588037835520e+00
-2.398149108665412754e+01
7.227626737947700164e+00
-1.248418870504357958e+00
-1.181846011275972330e+01
8.074881187398097460e-02
-1.088472232841057208e+00
-3.574154615944973745e+00
-1.119312273865857676e+01
-4.142329744753387999e+00
-2.986251340017954004e+00
4.236151255163902007e+00
-8.362884983078093803e-01
1.013120988557963997e+01
1.276923921293769837e+01
5.040206519960464426e+00
-9.005181054546381958e+00
3.370526541171541268e+00
2.163245590680977415e+01
3.709688921512808601e+00
-7.916507339148447286e+00
-8.491634311406032865e+00
-1.250075067973399179e+01
1.051808457860602886e+01
8.658817860611774719e+00
3.852862900086719833e+00
-7.837501798901588046e+00
-9.109729394739488839e+00
-3.494324634142803809e+00
5.594309424579584800e+00
6.523812888683994338e+00
-1.204783097701162209e+00
-4.484247649693360316e+00
-2.989419018010141649e+00
-3.931372022672776190e+00
8.395809372647294211e+00
1.663152294565415801e+01
1.805564625409208923e-01
-9.555480663867186308e+00
4.623116990725486986e+00
1.092709152880299328e+01
4.107168451813567600e+00
4.295826822161883385e+00
-3.126921161512874470e-01
7.874215185210181822e+00
2.747236429278799186e+00
-3.413886707832991085e+00
1.225164961135015718e+00
7.779763807532439124e+00
3.628129520928959462e+00
1.314009946241019655e+01
-9.098882041027032130e+00
1.158339786485183431e+01
-3.917242495067509100e+00
-6.370316722726942160e+00
-9.141245167800974514e+00
6.366673068102192801e+00
7.106067989025595111e+00
9.308710407222919869e+00
-7.125044574005590103e-03
-8.097836613606776979e+00
-3.031250251929497708e+00
-9.489944914820563682e+00
4.153784315928879423e+00
-3.342084134579918597e+00
1.643125615364611214e+00
4.690903649377834661e+00
5.002496888904340189e+00
7.361062104107764625e+00
-3.326968013996213891e+00
-2.343661357013712365e+00
5.437945673824164494e+00
1.560395906390813536e+01
-3.268120716644221879e+00
6.119409012110620161e+00
-8.929146996179605722e+00
-1.442856847792234332e+00
3.622347545980336925e+00
9.327459283458875428e-01
-2.260059917001500995e+00
-2.630082098116859335e+00
-6.040869763425187333e-01
-3.464878935880046473e+00
-1.760200117778604745e-01
-6.728425924949178238e+00
1.054457968381419342e+01
8.697552357739565254e-01
-1.955465110853534583e+00
1.541604873787760255e+01
-6.273489722373001953e+00
1.368498980438705814e+01
-2.392653910943469686e+00
5.726361460806166370e+00
-1.201594391412545271e+01
-6.011068348609036605e+00
-1.597972250012362849e+01
1.455315234315565975e+00
-1.167793227758675556e+01
-1.694612976429606399e-01
-4.916146748028442204e+00
1.566148764666085746e+01
-3.887373511045465246e+00
1.796590553206241836e+01
8.694305669419058802e+00
-1.682574339909544392e+01
4.341656396855180788e-01
-1.015213328838001416e+01
-9.493679064574516602e+00
-6.332286683570009345e+00
-7.839236293317064508e-01
1.106136149082583620e+00
1.262610840563765002e+01
2.794247230681220273e+00
-2.458898659001143905e+00
2.652062840354932227e+00
-4.913617959990969730e+00
-2.002149024428769408e+00
1.439261336102805267e+01
1.999464946708351842e+00
7.823383463437513896e+00
-9.709326869533290605e+00
1.160202530236903939e+01
8.668405518472310334e+00
3.864814285159043017e+00
9.727329583636690202e-02
6.153809082411218156e+00
-2.999400765344381714e+00
5.378069059122894124e+00
4.537239653394977701e+00
1.645543506775976184e+01
2.259267170048381956e+00
6.385131770764722603e+00
1.367670715893665800e+01
1.630177676438222534e+01
-8.178631906836212329e-01
4.942136142149329281e+00
5.829258688981353131e+00
4.672657676952234884e-01
-7.251527510343901639e+00
4.025943068477815245e+00
-4.333754474253511013e+00
6.107317536227011345e+00
2.697016727964611782e+00
3.980193391837513861e+00
-1.726374236494224590e+01
-8.404369279770280698e+00
-7.047064156754545117e+00
1.161490589915654459e+00
1.221142328019084822e+01
-2.989126389139380890e+00
4.788236796647811211e-01
9.738386520909751098e+00
-1.506557035241671016e+01
-2.421488314208691861e+01
-7.408822922674881184e+00
9.480443278233900983e+00
8.719129997196017001e+00
-9.758872692201187249e+00
4.682822918694516723e+00
-1.044155427508876066e+01
-7.252154196201466840e-01
2.706516211790938709e+00
-3.271936952205548366e+00
7.089348585570299122e+00
-1.918109923504306424e+00
5.314798394494693490e+00
-6.337623344960592320e+00
-4.904356379902785612e+00
3.873679789378986715e+00
6.057486094747479122e+00
-1.549472438863952028e+00
-1.639352147745622545e+00
1.027076140844814844e+01
-1.202734121577558213e+01
6.299574528687275965e+00
9.637592180329610514e+00
-5.276260181527827164e+00
2.734885164210933972e+00
